0 1 1 1 1 1 1 1 1 1 
1 0 12 9 15 8 8 18 13 18 
1 12 0 13 4 8 8 4 4 4 
1 9 13 0 11 11 8 15 18 13 
1 15 4 11 0 12 8 10 10 10 
1 8 8 11 12 0 8 13 15 15 
1 8 8 8 8 8 0 8 8 8 
1 18 4 15 10 13 8 0 2 3 
1 13 4 18 10 15 8 2 0 2 
1 18 4 13 10 15 8 3 2 0 
